35 52 79 73 22 18 36 4
62 51 40 33 70 28 24 11
57 51  2 14 76 56 44 37
60 44 63 32 43 14 59 62
42 21 25 24 68 10 59 45       Трамвай вправо
79  4 12  6  6 69 46 57
11 15 67 30 14  8 60 40 
62  2 77 16 18 75  8 44
55 24 60 12 26 63 18 17
62 59 26 37 43 65 39 15


35 52 79  0 19 18 36  4
62 51 40 79 70 28 24 11 
57 51 18  0 76 56 44 37 
34 44 63 26 43 58 59 62 
42 21  5 24 68 10 59 45 
79 41 12  6  3 69 46 11         Лестница вниз
11 33 67 30 14  8 60 40 
62  2 77 16 18 75  8 44 
55 24 60 58 34 63 18 17 
62 59 26 66 43 65 68 15


29  7 79 69 17 28 36  4 
69 51 40 79 70  4 24 11
71 51 72 33 76 56 44 26 
65 50 63 73 43 52 60 32 
 6 49  6 29 35 10 59 45 
79 77 12 29 46 69 15 52          Трамвай вниз 
31 33 67 43 14  8 60 57 
38 43 46 16 18 75 23 19 
55 24 60 21 41 70 18 27 
49 57 26 66 43 65 68 39


12 47  7 50 15 73 21 35
55  3 73 60 79 24 18 59
72 38 25 56 62 27 49 18 
48 74 19 53 28 40 28 72 
16 66 74 54 12 73 11 30 
52 46 60 36 47 64  5  5           Трамвай вверх
32  8 68 35 21 27 43 37 
56  0 51 44 31 21 28 77 
12 42 52 25  0 28 11 13 
 5 32 31 35 73  9  0 46
